64 64
0 9 0.07
0
16.0 15.0 38.0 38.0	f0
19.0 7.0 46.0 24.0	f1
16.0 0.0 44.0 22.0	f2
	f3
	f4
	f5
16.0 0.0 44.0 22.0	f6
19.0 7.0 46.0 24.0	f7
16.0 15.0 38.0 38.0	f8
	f9
